#classification modulo RM(1,5)
hdr=0
[00001 10000 01000 00100 00010]00000
[11000 01000 00100 00010 00001]00000
[10000 01000 00100 00010 00001]10000
fix=319979520
hdr=ab
[10000 01000 00100 00010 00001]10000
[11000 01000 00100 00010 00001]00000
[10000 01000 00100 00010 00001]11111
[10000 01100 00100 00010 00001]00000
[10000 11111 00100 00010 00001]00000
[10000 01000 00100 00010 00001]00001
[10101 01101 00001 00010 00111]00101
[10101 01101 00001 00111 00010]00101
[10000 01000 00100 00011 00001]00000
fix=2064384
hdr=bc+ad
[10000 01000 00100 00010 00001]10000
[10000 01000 00100 00010 00001]11110
[00100 00011 10001 01101 00001]00000
[10000 01000 00100 00010 00001]11000
[11111 00111 01011 00010 00001]01111
[01110 10101 11001 10001 00001]11110
fix=368640
hdr=abc
[01001 10001 00100 00010 00001]00000
[10001 01001 00101 00010 00001]00001
[01001 10001 11101 00010 00001]11001
[00100 11100 10000 00010 00001]10100
[10011 01011 00111 00001 00011]00011
[10011 01011 00111 00001 00010]00011
[11000 01010 00101 00011 00001]01000
fix=258048
hdr=abc+ad
[10001 01001 00101 00010 00001]00001
[11101 00101 01001 00010 00001]01101
[10001 01001 00101 00011 00001]00001
[10101 00100 01000 00011 00001]00100
[10001 01001 00101 00010 00001]00011
[11110 00110 01010 00011 00001]00001
[10101 01100 01010 00011 00001]00011
fix=12288
hdr=abc+bd+ae
[11001 01010 00110 00011 00001]11101
[10011 01011 00111 00010 00001]11010
[01011 11001 00110 00001 00011]11011
[01000 10000 00111 00001 00010]11000
[10011 11101 00110 00010 00011]00011
fix=6144
hdr=abc+de
[01000 10000 11100 00010 00001]11000
[00100 11100 10000 00010 00001]10100
[10000 01000 00100 00001 00011]00000
[11000 11100 01000 00001 00010]10000
[10000 11100 01000 00001 00010]11001
fix=4032
hdr=acd+abe
[11011 00100 00101 01000 01010]01011
[11010 01000 00110 00010 01001]00000
[10111 01111 01010 00011 00010]00111
fix=11520
hdr=bc+acd+abe
[10010 01100 00111 00011 00001]00001
[10101 01101 01001 00011 00010]00101
fix=768
hdr=cd+acd+abe
[10010 01000 00100 00010 00001]00000
[11000 01000 00010 00110 01001]00010
[11000 01000 00010 00100 00001]01000
[10000 01000 00010 00100 00001]00000
[11011 00100 00001 01000 00010]10010
fix=1152
hdr=bd+cd+acd+abe+ce
[10101 00100 01000 01001 00110]10010
[10110 00101 01110 01010 01101]00110
fix=1920
hdr=abcd
[11010 00010 00101 01000 00001]01010
[00100 01011 01001 11000 00001]00000
[01101 00010 01001 11000 00001]00000
fix=645120
hdr=ab+abcd
[11101 01011 00110 00011 00001]01101
[11101 01011 00110 00100 00001]01010
[10101 01101 00101 00111 00001]00101
[01111 11001 00110 00101 00001]01010
fix=18432
hdr=bc+ad+abcd
[01010 10100 11101 10001 00001]01101
[01100 11100 00011 01010 00001]00110
[11111 00111 01011 00011 00001]01111
fix=23040
hdr=abcd+ae
[10100 01100 00100 00110 00001]00100
[11111 00110 01110 00010 00001]01011
[10110 00010 00110 01010 00001]00111
fix=5376
hdr=bc+abcd+ae
[10010 01110 01000 00010 00001]01000
[10000 01110 00110 00010 00001]00100
[10100 01011 00110 00010 00001]00100
[10101 01001 00100 00010 00001]00101
fix=768
hdr=abcd+abe
[11110 10001 00100 00010 00001]10111
[01011 10011 00011 00100 00001]00100
[10100 01100 00100 00011 00001]00100
[10010 01010 00110 00010 00001]00010
fix=9216
hdr=ac+abcd+abe
[10010 01010 00110 00010 00001]00010
[11001 01110 00100 00011 00001]01010
[11100 01101 00101 00010 00001]01010
[10101 01101 00110 00011 00001]00101
fix=1024
hdr=bc+ad+abcd+abe
[01000 10000 00011 00101 00001]00111
[01000 11101 00010 00111 00001]01100
[10101 01101 00100 00011 00001]00101
fix=1536
hdr=cd+abcd+abe
[01000 10000 00011 00101 00001]00111
[01000 10000 00110 00010 00001]00010
[10000 01000 00010 00111 00001]00000
[01001 11001 00011 00100 00001]01100
fix=576
hdr=abcd+ae+abe
[10010 01010 00110 00010 00001]00010
[10100 01100 00100 00110 00001]00100
[10111 01111 00100 00110 00001]00101
[10011 01100 00100 00110 00001]00011
[11101 01010 00010 00110 00001]01101
fix=768
hdr=bc+abcd+ae+abe
[10010 01010 00110 00010 00001]00010
[10000 01010 00110 00010 00001]00000
[11100 01011 00111 00010 00001]01111
[10010 01000 00110 00010 00001]00000
[10000 01001 00100 00010 00001]00000
[10110 01111 00100 00010 00001]00001
fix=256
hdr=cd+abcd+ae+abe
[10010 01000 00101 00111 00001]00101
[10011 01001 00111 00010 00001]00011
[11100 01001 00111 00100 00001]01100
fix=192
hdr=abcd+abe+ce
[10010 01010 00110 00010 00001]00010
[11000 10000 00111 00010 00001]10000
[11010 01010 00110 00010 00001]01010
fix=96
hdr=ad+abcd+abe+ce
[11001 01010 00111 00010 00001]01010
[10001 01000 00110 00010 00001]00011
[11001 01000 00111 00010 00001]01001
[10011 01000 00111 00010 00001]00011
fix=32
hdr=abcd+bce+ade
[00100 10000 00010 01100 00001]00100
[10000 00100 01000 00010 00001]00000
fix=72
hdr=bc+abcd+bce+ade
[10010 11011 01100 11101 00001]11001
[10111 10010 11001 01000 00001]10000
fix=720
hdr=ab+bc+abcd+bce+ade
[11011 01000 00111 00010 00001]00011
[10010 01000 00100 00010 00001]00010
[01100 11111 00010 00111 00001]00110
fix=48
hdr=ac+bd+abcd+bce+ade
[11101 01011 10000 01000 00001]01001
[01000 10000 10010 01100 00001]11000
fix=120
hdr=abcde
[00001 10000 01000 00100 00010]00000
[01000 00100 00010 00001 11000]01000
fix=9999360
hdr=ab+abcde
[01000 10000 00100 00010 00001]00000
[01101 10110 00100 00110 00001]00111
[11000 01000 00100 00010 00001]01000
[10001 01001 00100 00011 00001]00001
[10110 01110 00010 00111 00100]00110
fix=64512
hdr=bc+ad+abcde
[11000 01000 00110 00011 00001]01011
[00100 10011 10100 11010 00001]00111
[10000 11101 01000 11011 00001]00000
fix=11520
hdr=abc+abcde
[10111 10010 11100 00011 00010]00111
[11100 01010 00110 00001 00010]01100
[01011 10011 00100 00010 00001]00000
[10010 01010 00110 00010 00001]00010
[10110 01100 00111 00001 00010]00001
fix=64512
hdr=ab+abc+abcde
[10110 01100 00111 00001 00010]00001
[10010 01010 00110 00010 00001]00010
[01011 10011 00100 00010 00001]00000
[11100 01010 00110 00001 00010]01100
[10001 01001 00100 00001 00011]00001
fix=9216
hdr=abc+ad+abcde
[10100 01100 01001 00011 00001]01100
[10000 01001 00101 00010 00001]00000
[10111 01001 00101 00010 00001]00111
[11101 00101 01001 00010 00001]01101
fix=768
hdr=bc+abc+ad+abcde
[10100 01011 01110 00010 00001]01101
[11001 00111 01000 00011 00001]01011
[11111 00111 01011 00010 00001]01111
fix=768
hdr=abc+bd+ae+abcde
[10011 11000 00100 00010 00011]10001
[10011 01101 00100 00010 00001]00110
[11001 10010 00100 00011 00010]10001
[11010 01001 00100 00011 00001]01010
fix=192
hdr=abc+de+abcde
[10000 11000 00100 00011 00010]10010
[10100 11100 01100 00011 00010]11010
[00100 11100 10000 00001 00010]10100
fix=1008
hdr=ab+abc+de+abcde
[10100 11100 00100 00011 00001]10001
[11100 01100 00100 00011 00010]01010
fix=144
hdr=acd+abe+abcde
[11011 00010 00001 01000 00110]01001
[10011 01000 00100 00010 00001]00011
[11010 00010 00001 01000 00100]01010
[11100 00100 01000 00001 00010]01100
fix=1152
hdr=ab+acd+abe+abcde
[10011 01000 00100 00010 00001]00011
[10001 01000 00110 00010 00001]00011
[11111 00111 01011 01101 01110]01111
[11110 01000 00100 00010 00001]01110
[11110 01000 01010 01100 01111]00000
[11010 01000 00100 00010 00001]01010
[11111 00111 00001 01101 00100]01111
fix=1920
hdr=bc+acd+abe+abcde
[10011 01000 00100 00010 00001]00011
[10001 01000 00110 00010 00001]00011
[10001 00110 01001 00001 00010]00010
[10010 01000 00100 00010 00001]00010
[11111 00111 01011 00001 00010]01111
fix=64
hdr=cd+acd+abe+abcde
[10001 01000 00110 00010 00001]00011
[11001 00001 00010 00100 01000]01001
[10000 01000 00010 00100 00001]00000
[10000 01000 00110 00010 01001]01010
fix=144
hdr=ab+cd+acd+abe+abcde
[10001 01000 00110 00010 00001]00011
[10001 01000 00100 00010 00001]00001
[10000 01000 00010 00100 00001]00000
[11000 01000 00100 00010 00001]01000
[10001 01001 00110 00100 00001]00100
fix=48
hdr=bc+ad+acd+ae+abe+abcde
[10011 01000 00100 00010 00001]00011
[10010 01000 00100 00010 00001]00010
[11110 01011 00111 00010 00001]01110
[11111 00111 01011 00001 00010]01111
[10000 00101 01010 00001 00010]00011
[10000 01101 01010 00011 00010]01001
fix=192
hdr=cd+acd+be+abe+abcde
[10011 01011 00111 00010 00001]00011
[11111 00111 01011 01101 01110]01111
[10000 00010 01001 01000 00110]01010
[11101 00101 00100 01111 01100]00000
fix=720
hdr=bc+cd+acd+be+abe+abcde
[10011 01011 00111 00010 00001]00011
[11001 01101 01010 00011 00010]00000
[10000 00100 01000 00001 00010]00000
fix=48
hdr=bd+cd+acd+abe+ce+abcde
[10010 01011 00101 00010 00001]00000
[10010 00001 00010 00111 01010]00011
fix=60
#Number of class : 48