
fct= 0 0 0 0 0 0 1 1 0 1 0 1 0 1 1 0 0 0 0 0 0 0 1 1 0 1 0 1 0 1 1 0
[01110 10101 11001 10001 00001]11110
[11111 00111 01011 00010 00001]01111
[10000 01000 00100 00010 00001]11000
[00100 00011 10001 01101 00001]00000
[10000 01000 00100 00010 00001]11110
[10000 01000 00100 00010 00001]10000
size=368640
fct= 0 0 0 0 0 0 0 1 0 0 1 1 0 0 1 0 0 1 0 1 0 1 0 0 0 1 1 0 0 1 1 1
[10011 11101 00110 00010 00011]00011
[01000 10000 00111 00001 00010]11000
[01011 11001 00110 00001 00011]11011
[10011 01011 00111 00010 00001]11010
[11001 01010 00110 00011 00001]11101
size=6144
fct= 0 0 0 0 0 0 0 0 0 0 1 1 1 0 0 1 0 0 0 1 1 1 1 0 0 0 1 0 0 1 1 1
[10110 00101 01110 01010 01101]00110
[10101 00100 01000 01001 00110]10010
size=1920
fct= 0 0 0 0 0 0 1 1 0 1 0 1 0 1 1 1 0 0 0 1 0 0 1 0 0 1 0 0 0 1 1 0
[10101 01101 00100 00011 00001]00101
[01000 11101 00010 00111 00001]01100
[01000 10000 00011 00101 00001]00111
size=1536
fct= 0 0 0 0 0 1 0 1 0 0 1 1 0 1 1 1 0 0 0 0 0 1 1 0 0 1 1 0 0 0 0 1
[01000 10000 10010 01100 00001]11000
[11101 01011 10000 01000 00001]01001
size=120
fct= 0 0 0 0 0 0 1 1 0 1 0 1 0 0 1 1 0 1 0 0 0 1 1 1 0 0 0 1 0 1 1 0
[10000 01101 01010 00011 00010]01001
[10000 00101 01010 00001 00010]00011
[11111 00111 01011 00001 00010]01111
[11110 01011 00111 00010 00001]01110
[10010 01000 00100 00010 00001]00010
[10011 01000 00100 00010 00001]00011
size=192